function [ x , y ] = data( )
x = [-5:5]';
y = [-32.9591, -20.7011, -12.6986, -5.1508, -1.6893, 0.1266, 0.0743, -0.8709, -1.7371, -3.9952, -4.8987]';
end